%YAML:1.0
---
R_0: !!opencv-matrix
   rows: 3
   cols: 1
   dt: d
   data: [ -1.2509866841932774e-01, 2.2850108704934372e-01,
       -2.4335471963736224e-01 ]
t_0: !!opencv-matrix
   rows: 3
   cols: 1
   dt: d
   data: [ -1.8616863028262449e+00, -2.6647960212205315e+00,
       1.7475834638663294e+01 ]
R_1: !!opencv-matrix
   rows: 3
   cols: 1
   dt: d
   data: [ -2.6005123887301257e-01, 2.6447894983886017e-01,
       -2.1506931463394952e-01 ]
t_1: !!opencv-matrix
   rows: 3
   cols: 1
   dt: d
   data: [ 5.6576294012771378e-01, -3.6932525078728924e+00,
       2.8463487079930157e+01 ]
R_2: !!opencv-matrix
   rows: 3
   cols: 1
   dt: d
   data: [ 5.2728443382642230e-02, 2.5825826917734818e-01,
       -2.1968586644824159e-01 ]
t_2: !!opencv-matrix
   rows: 3
   cols: 1
   dt: d
   data: [ 2.1293112046641811e+00, -3.9583976321540315e+00,
       2.2921235579388796e+01 ]
R_3: !!opencv-matrix
   rows: 3
   cols: 1
   dt: d
   data: [ -9.2547914334688203e-02, 5.2183588338823905e-01,
       -2.2532022624017936e-01 ]
t_3: !!opencv-matrix
   rows: 3
   cols: 1
   dt: d
   data: [ 9.1492946114013218e-01, -3.4940540020685242e+00,
       2.7526057029366068e+01 ]
R_4: !!opencv-matrix
   rows: 3
   cols: 1
   dt: d
   data: [ -5.5091305428811924e-02, 1.0437559492678662e-01,
       -1.0965477177856313e-01 ]
t_4: !!opencv-matrix
   rows: 3
   cols: 1
   dt: d
   data: [ -2.6282297051788808e+00, -3.0484859703567344e+00,
       2.3401462948935848e+01 ]
R_5: !!opencv-matrix
   rows: 3
   cols: 1
   dt: d
   data: [ -2.0585629227034788e-01, -1.1464571948632704e-01,
       -1.2418903156340140e-01 ]
t_5: !!opencv-matrix
   rows: 3
   cols: 1
   dt: d
   data: [ 1.8368359762767403e-01, -2.4582239919163071e+00,
       2.2551732681481575e+01 ]
