%YAML:1.0
---
K: !!opencv-matrix
   rows: 3
   cols: 3
   dt: d
   data: [ 1.1470233056816342e+03, 0., 8.9606556064990968e+02, 0.,
       1.1741230876360073e+03, 5.1570673738195831e+02, 0., 0., 1. ]
dist_coeffs: !!opencv-matrix
   rows: 1
   cols: 5
   dt: d
   data: [ -4.6721073399223328e-01, 4.1183318278522490e-01,
       1.0125345201600819e-02, 1.2904640394983737e-02,
       -3.9999533699807965e-01 ]
